MultiStackReg Transformation File
File Version 1.0
0
TRANSLATION
Source img: 2 Target img: 1
1152.2846367355885	1152.636867474373
0.0	0.0
0.0	0.0

1152.0	1152.0
0.0	0.0
0.0	0.0

TRANSLATION
Source img: 3 Target img: 1
1152.264957518627	1152.6196532152808
0.0	0.0
0.0	0.0

1152.0	1152.0
0.0	0.0
0.0	0.0

TRANSLATION
Source img: 4 Target img: 1
1152.3002866562188	1152.6975550581174
0.0	0.0
0.0	0.0

1152.0	1152.0
0.0	0.0
0.0	0.0

TRANSLATION
Source img: 5 Target img: 1
1152.360959900848	1153.0008839470665
0.0	0.0
0.0	0.0

1152.0	1152.0
0.0	0.0
0.0	0.0

TRANSLATION
Source img: 6 Target img: 1
1152.2399263925672	1152.6192926976107
0.0	0.0
0.0	0.0

1152.0	1152.0
0.0	0.0
0.0	0.0

TRANSLATION
Source img: 7 Target img: 1
1152.102172573661	1152.5078913780706
0.0	0.0
0.0	0.0

1152.0	1152.0
0.0	0.0
0.0	0.0

TRANSLATION
Source img: 8 Target img: 1
1152.2990654488246	1152.7550654254735
0.0	0.0
0.0	0.0

1152.0	1152.0
0.0	0.0
0.0	0.0

TRANSLATION
Source img: 9 Target img: 1
1152.3035923452155	1152.6029782707456
0.0	0.0
0.0	0.0

1152.0	1152.0
0.0	0.0
0.0	0.0

TRANSLATION
Source img: 10 Target img: 1
1152.2355210707117	1153.0022935963696
0.0	0.0
0.0	0.0

1152.0	1152.0
0.0	0.0
0.0	0.0

TRANSLATION
Source img: 11 Target img: 1
1152.1313218788994	1152.5562019324664
0.0	0.0
0.0	0.0

1152.0	1152.0
0.0	0.0
0.0	0.0

TRANSLATION
Source img: 12 Target img: 1
1152.2871966653365	1152.6462466259372
0.0	0.0
0.0	0.0

1152.0	1152.0
0.0	0.0
0.0	0.0

TRANSLATION
Source img: 13 Target img: 1
1152.3574997387043	1152.86740131427
0.0	0.0
0.0	0.0

1152.0	1152.0
0.0	0.0
0.0	0.0

TRANSLATION
Source img: 14 Target img: 1
1152.227359507948	1152.6599626959778
0.0	0.0
0.0	0.0

1152.0	1152.0
0.0	0.0
0.0	0.0

TRANSLATION
Source img: 15 Target img: 1
1152.1706694093039	1152.5270418752596
0.0	0.0
0.0	0.0

1152.0	1152.0
0.0	0.0
0.0	0.0

TRANSLATION
Source img: 16 Target img: 1
1152.0812566371721	1152.5158052770494
0.0	0.0
0.0	0.0

1152.0	1152.0
0.0	0.0
0.0	0.0

TRANSLATION
Source img: 17 Target img: 1
1152.1303563849592	1152.5135329159698
0.0	0.0
0.0	0.0

1152.0	1152.0
0.0	0.0
0.0	0.0

TRANSLATION
Source img: 18 Target img: 1
1152.0011312779845	1152.6799826756267
0.0	0.0
0.0	0.0

1152.0	1152.0
0.0	0.0
0.0	0.0

TRANSLATION
Source img: 19 Target img: 1
1152.122624572499	1152.5001358866268
0.0	0.0
0.0	0.0

1152.0	1152.0
0.0	0.0
0.0	0.0

TRANSLATION
Source img: 20 Target img: 1
1152.1007105749022	1152.8026899211493
0.0	0.0
0.0	0.0

1152.0	1152.0
0.0	0.0
0.0	0.0

TRANSLATION
Source img: 21 Target img: 1
1152.1959573207184	1152.6754324063033
0.0	0.0
0.0	0.0

1152.0	1152.0
0.0	0.0
0.0	0.0

TRANSLATION
Source img: 22 Target img: 1
1152.175803204582	1152.5651156869194
0.0	0.0
0.0	0.0

1152.0	1152.0
0.0	0.0
0.0	0.0

TRANSLATION
Source img: 23 Target img: 1
1152.2490574394317	1152.7729039021176
0.0	0.0
0.0	0.0

1152.0	1152.0
0.0	0.0
0.0	0.0

TRANSLATION
Source img: 24 Target img: 1
1152.0282858320309	1152.715954386128
0.0	0.0
0.0	0.0

1152.0	1152.0
0.0	0.0
0.0	0.0

TRANSLATION
Source img: 25 Target img: 1
1152.351938071056	1152.5093660261093
0.0	0.0
0.0	0.0

1152.0	1152.0
0.0	0.0
0.0	0.0

TRANSLATION
Source img: 26 Target img: 1
1152.072596469059	1152.5219899468268
0.0	0.0
0.0	0.0

1152.0	1152.0
0.0	0.0
0.0	0.0

TRANSLATION
Source img: 27 Target img: 1
1152.1795910760695	1152.5651948178693
0.0	0.0
0.0	0.0

1152.0	1152.0
0.0	0.0
0.0	0.0

TRANSLATION
Source img: 28 Target img: 1
1152.2452667422408	1152.6975205781073
0.0	0.0
0.0	0.0

1152.0	1152.0
0.0	0.0
0.0	0.0

TRANSLATION
Source img: 29 Target img: 1
1152.2655884522164	1152.6853122527948
0.0	0.0
0.0	0.0

1152.0	1152.0
0.0	0.0
0.0	0.0

TRANSLATION
Source img: 30 Target img: 1
1152.2904552712241	1152.5965619310562
0.0	0.0
0.0	0.0

1152.0	1152.0
0.0	0.0
0.0	0.0

TRANSLATION
Source img: 31 Target img: 1
1152.2287003100782	1152.5621242585817
0.0	0.0
0.0	0.0

1152.0	1152.0
0.0	0.0
0.0	0.0

TRANSLATION
Source img: 32 Target img: 1
1152.3643209513605	1152.6793794713042
0.0	0.0
0.0	0.0

1152.0	1152.0
0.0	0.0
0.0	0.0

TRANSLATION
Source img: 33 Target img: 1
1152.2863908847642	1153.0032100683754
0.0	0.0
0.0	0.0

1152.0	1152.0
0.0	0.0
0.0	0.0

TRANSLATION
Source img: 34 Target img: 1
1152.36618251602	1152.5018680795263
0.0	0.0
0.0	0.0

1152.0	1152.0
0.0	0.0
0.0	0.0

TRANSLATION
Source img: 35 Target img: 1
1152.2714555196026	1152.6014571033686
0.0	0.0
0.0	0.0

1152.0	1152.0
0.0	0.0
0.0	0.0

TRANSLATION
Source img: 36 Target img: 1
1152.3418231718501	1152.5558067846896
0.0	0.0
0.0	0.0

1152.0	1152.0
0.0	0.0
0.0	0.0

TRANSLATION
Source img: 37 Target img: 1
1152.2860522668266	1152.5257785646716
0.0	0.0
0.0	0.0

1152.0	1152.0
0.0	0.0
0.0	0.0

TRANSLATION
Source img: 38 Target img: 1
1152.2182273687358	1152.5176783217116
0.0	0.0
0.0	0.0

1152.0	1152.0
0.0	0.0
0.0	0.0

TRANSLATION
Source img: 39 Target img: 1
1152.0230073646717	1152.5620098003399
0.0	0.0
0.0	0.0

1152.0	1152.0
0.0	0.0
0.0	0.0

TRANSLATION
Source img: 40 Target img: 1
1152.1790948607604	1152.575278012066
0.0	0.0
0.0	0.0

1152.0	1152.0
0.0	0.0
0.0	0.0

TRANSLATION
Source img: 41 Target img: 1
1152.1251789211585	1152.5438968548065
0.0	0.0
0.0	0.0

1152.0	1152.0
0.0	0.0
0.0	0.0

TRANSLATION
Source img: 42 Target img: 1
1152.0909884819848	1152.5615625761511
0.0	0.0
0.0	0.0

1152.0	1152.0
0.0	0.0
0.0	0.0

TRANSLATION
Source img: 43 Target img: 1
1152.0916637707023	1152.6356210804279
0.0	0.0
0.0	0.0

1152.0	1152.0
0.0	0.0
0.0	0.0

TRANSLATION
Source img: 44 Target img: 1
1152.3229130643224	1153.0004763617485
0.0	0.0
0.0	0.0

1152.0	1152.0
0.0	0.0
0.0	0.0

TRANSLATION
Source img: 45 Target img: 1
1152.013165395288	1152.6395694306432
0.0	0.0
0.0	0.0

1152.0	1152.0
0.0	0.0
0.0	0.0

TRANSLATION
Source img: 46 Target img: 1
1152.1959079886055	1152.7408755362778
0.0	0.0
0.0	0.0

1152.0	1152.0
0.0	0.0
0.0	0.0

TRANSLATION
Source img: 47 Target img: 1
1152.2539737440243	1153.0015573481624
0.0	0.0
0.0	0.0

1152.0	1152.0
0.0	0.0
0.0	0.0

TRANSLATION
Source img: 48 Target img: 1
1152.1703752989354	1152.6658760372288
0.0	0.0
0.0	0.0

1152.0	1152.0
0.0	0.0
0.0	0.0

TRANSLATION
Source img: 49 Target img: 1
1152.4363324894248	1152.511662806791
0.0	0.0
0.0	0.0

1152.0	1152.0
0.0	0.0
0.0	0.0

TRANSLATION
Source img: 50 Target img: 1
1152.2866609504645	1152.684148722004
0.0	0.0
0.0	0.0

1152.0	1152.0
0.0	0.0
0.0	0.0

TRANSLATION
Source img: 51 Target img: 1
1152.387199832569	1152.5805829001843
0.0	0.0
0.0	0.0

1152.0	1152.0
0.0	0.0
0.0	0.0

TRANSLATION
Source img: 52 Target img: 1
1152.4403994985362	1152.648737099983
0.0	0.0
0.0	0.0

1152.0	1152.0
0.0	0.0
0.0	0.0

TRANSLATION
Source img: 53 Target img: 1
1152.0880701571796	1152.5655175513577
0.0	0.0
0.0	0.0

1152.0	1152.0
0.0	0.0
0.0	0.0

TRANSLATION
Source img: 54 Target img: 1
1152.210481279247	1152.5779187794378
0.0	0.0
0.0	0.0

1152.0	1152.0
0.0	0.0
0.0	0.0

TRANSLATION
Source img: 55 Target img: 1
1152.2620574484063	1152.7369947027494
0.0	0.0
0.0	0.0

1152.0	1152.0
0.0	0.0
0.0	0.0

TRANSLATION
Source img: 56 Target img: 1
1152.23227645254	1152.7231160368033
0.0	0.0
0.0	0.0

1152.0	1152.0
0.0	0.0
0.0	0.0

TRANSLATION
Source img: 57 Target img: 1
1152.2052438510864	1152.5656915487496
0.0	0.0
0.0	0.0

1152.0	1152.0
0.0	0.0
0.0	0.0

TRANSLATION
Source img: 58 Target img: 1
1152.131378488894	1153.0015924730126
0.0	0.0
0.0	0.0

1152.0	1152.0
0.0	0.0
0.0	0.0

TRANSLATION
Source img: 59 Target img: 1
1152.2451876220096	1152.5305737674546
0.0	0.0
0.0	0.0

1152.0	1152.0
0.0	0.0
0.0	0.0

TRANSLATION
Source img: 60 Target img: 1
1152.362119301496	1152.6393295934852
0.0	0.0
0.0	0.0

1152.0	1152.0
0.0	0.0
0.0	0.0

TRANSLATION
Source img: 61 Target img: 1
1152.3479032888847	1152.6250203561092
0.0	0.0
0.0	0.0

1152.0	1152.0
0.0	0.0
0.0	0.0

TRANSLATION
Source img: 62 Target img: 1
1152.2547958827831	1152.6294066072455
0.0	0.0
0.0	0.0

1152.0	1152.0
0.0	0.0
0.0	0.0

TRANSLATION
Source img: 63 Target img: 1
1152.2096434677053	1152.7491637479757
0.0	0.0
0.0	0.0

1152.0	1152.0
0.0	0.0
0.0	0.0

TRANSLATION
Source img: 64 Target img: 1
1152.3093730089647	1152.6799313460072
0.0	0.0
0.0	0.0

1152.0	1152.0
0.0	0.0
0.0	0.0

TRANSLATION
Source img: 65 Target img: 1
1152.179203931966	1152.5864220612452
0.0	0.0
0.0	0.0

1152.0	1152.0
0.0	0.0
0.0	0.0

TRANSLATION
Source img: 66 Target img: 1
1152.3108128808624	1152.5425208128993
0.0	0.0
0.0	0.0

1152.0	1152.0
0.0	0.0
0.0	0.0

TRANSLATION
Source img: 67 Target img: 1
1152.2773418800293	1152.556780622442
0.0	0.0
0.0	0.0

1152.0	1152.0
0.0	0.0
0.0	0.0

TRANSLATION
Source img: 68 Target img: 1
1152.1752918875634	1152.5239784847074
0.0	0.0
0.0	0.0

1152.0	1152.0
0.0	0.0
0.0	0.0

TRANSLATION
Source img: 69 Target img: 1
1152.240532104415	1153.1082134446328
0.0	0.0
0.0	0.0

1152.0	1152.0
0.0	0.0
0.0	0.0

TRANSLATION
Source img: 70 Target img: 1
1152.0376979068196	1152.331521580501
0.0	0.0
0.0	0.0

1152.0	1152.0
0.0	0.0
0.0	0.0

TRANSLATION
Source img: 71 Target img: 1
1152.2322964921668	1152.5099271651557
0.0	0.0
0.0	0.0

1152.0	1152.0
0.0	0.0
0.0	0.0

TRANSLATION
Source img: 72 Target img: 1
1152.1526342647567	1152.538827774546
0.0	0.0
0.0	0.0

1152.0	1152.0
0.0	0.0
0.0	0.0

TRANSLATION
Source img: 73 Target img: 1
1152.2944398454817	1152.6474357124982
0.0	0.0
0.0	0.0

1152.0	1152.0
0.0	0.0
0.0	0.0

TRANSLATION
Source img: 74 Target img: 1
1152.3498744826175	1152.7180915080612
0.0	0.0
0.0	0.0

1152.0	1152.0
0.0	0.0
0.0	0.0

TRANSLATION
Source img: 75 Target img: 1
1152.3029875350198	1152.777753555343
0.0	0.0
0.0	0.0

1152.0	1152.0
0.0	0.0
0.0	0.0

TRANSLATION
Source img: 76 Target img: 1
1152.2892027141713	1152.5252699518965
0.0	0.0
0.0	0.0

1152.0	1152.0
0.0	0.0
0.0	0.0

TRANSLATION
Source img: 77 Target img: 1
1152.2412045946671	1152.6743268589503
0.0	0.0
0.0	0.0

1152.0	1152.0
0.0	0.0
0.0	0.0

TRANSLATION
Source img: 78 Target img: 1
1152.1686866436805	1152.5345026727987
0.0	0.0
0.0	0.0

1152.0	1152.0
0.0	0.0
0.0	0.0

TRANSLATION
Source img: 79 Target img: 1
1152.203914089179	1152.5339660272193
0.0	0.0
0.0	0.0

1152.0	1152.0
0.0	0.0
0.0	0.0

TRANSLATION
Source img: 80 Target img: 1
1152.1579231371268	1152.6462816405772
0.0	0.0
0.0	0.0

1152.0	1152.0
0.0	0.0
0.0	0.0

TRANSLATION
Source img: 81 Target img: 1
1152.1843261045847	1152.638106255186
0.0	0.0
0.0	0.0

1152.0	1152.0
0.0	0.0
0.0	0.0

TRANSLATION
Source img: 82 Target img: 1
1152.2324169543497	1152.5543599920484
0.0	0.0
0.0	0.0

1152.0	1152.0
0.0	0.0
0.0	0.0

TRANSLATION
Source img: 83 Target img: 1
1152.197252686269	1152.5439394083057
0.0	0.0
0.0	0.0

1152.0	1152.0
0.0	0.0
0.0	0.0

TRANSLATION
Source img: 84 Target img: 1
1152.2884397830655	1152.6680975826193
0.0	0.0
0.0	0.0

1152.0	1152.0
0.0	0.0
0.0	0.0

TRANSLATION
Source img: 85 Target img: 1
1152.1810092899357	1152.5834602887494
0.0	0.0
0.0	0.0

1152.0	1152.0
0.0	0.0
0.0	0.0

TRANSLATION
Source img: 86 Target img: 1
1152.2604315857905	1152.5758127735728
0.0	0.0
0.0	0.0

1152.0	1152.0
0.0	0.0
0.0	0.0

TRANSLATION
Source img: 87 Target img: 1
1152.1976061004711	1152.5304355575283
0.0	0.0
0.0	0.0

1152.0	1152.0
0.0	0.0
0.0	0.0

TRANSLATION
Source img: 88 Target img: 1
1152.388901389162	1152.7478740012264
0.0	0.0
0.0	0.0

1152.0	1152.0
0.0	0.0
0.0	0.0

TRANSLATION
Source img: 89 Target img: 1
1152.3091968555518	1152.6669672797454
0.0	0.0
0.0	0.0

1152.0	1152.0
0.0	0.0
0.0	0.0

TRANSLATION
Source img: 90 Target img: 1
1152.1880807858824	1152.6341283750926
0.0	0.0
0.0	0.0

1152.0	1152.0
0.0	0.0
0.0	0.0

TRANSLATION
Source img: 91 Target img: 1
1152.1121228552825	1152.5292666069104
0.0	0.0
0.0	0.0

1152.0	1152.0
0.0	0.0
0.0	0.0

TRANSLATION
Source img: 92 Target img: 1
1152.2748559800928	1152.5857376690906
0.0	0.0
0.0	0.0

1152.0	1152.0
0.0	0.0
0.0	0.0

TRANSLATION
Source img: 93 Target img: 1
1152.2218606589424	1152.5309235145119
0.0	0.0
0.0	0.0

1152.0	1152.0
0.0	0.0
0.0	0.0

TRANSLATION
Source img: 94 Target img: 1
1152.2498056473173	1152.6317707263438
0.0	0.0
0.0	0.0

1152.0	1152.0
0.0	0.0
0.0	0.0

TRANSLATION
Source img: 95 Target img: 1
1152.221245266642	1152.5049991473354
0.0	0.0
0.0	0.0

1152.0	1152.0
0.0	0.0
0.0	0.0

TRANSLATION
Source img: 96 Target img: 1
1152.3156332804851	1152.5262631498467
0.0	0.0
0.0	0.0

1152.0	1152.0
0.0	0.0
0.0	0.0

TRANSLATION
Source img: 97 Target img: 1
1152.3024292077673	1152.5434544127409
0.0	0.0
0.0	0.0

1152.0	1152.0
0.0	0.0
0.0	0.0

TRANSLATION
Source img: 98 Target img: 1
1152.170456391224	1152.6302970113334
0.0	0.0
0.0	0.0

1152.0	1152.0
0.0	0.0
0.0	0.0

TRANSLATION
Source img: 99 Target img: 1
1152.3312748539176	1152.7083759850952
0.0	0.0
0.0	0.0

1152.0	1152.0
0.0	0.0
0.0	0.0

TRANSLATION
Source img: 100 Target img: 1
1152.345367776691	1152.6607909665083
0.0	0.0
0.0	0.0

1152.0	1152.0
0.0	0.0
0.0	0.0

TRANSLATION
Source img: 101 Target img: 1
1152.454360134564	1152.662574109472
0.0	0.0
0.0	0.0

1152.0	1152.0
0.0	0.0
0.0	0.0

TRANSLATION
Source img: 102 Target img: 1
1152.1280837367344	1152.5316296600213
0.0	0.0
0.0	0.0

1152.0	1152.0
0.0	0.0
0.0	0.0

TRANSLATION
Source img: 103 Target img: 1
1152.264406624897	1152.6262866960758
0.0	0.0
0.0	0.0

1152.0	1152.0
0.0	0.0
0.0	0.0

TRANSLATION
Source img: 104 Target img: 1
1152.2397985435143	1152.6423093566125
0.0	0.0
0.0	0.0

1152.0	1152.0
0.0	0.0
0.0	0.0

TRANSLATION
Source img: 105 Target img: 1
1152.3823703662347	1152.508030797179
0.0	0.0
0.0	0.0

1152.0	1152.0
0.0	0.0
0.0	0.0

TRANSLATION
Source img: 106 Target img: 1
1152.287541232807	1152.6077425869344
0.0	0.0
0.0	0.0

1152.0	1152.0
0.0	0.0
0.0	0.0

TRANSLATION
Source img: 107 Target img: 1
1152.200112125941	1152.6546574446222
0.0	0.0
0.0	0.0

1152.0	1152.0
0.0	0.0
0.0	0.0

TRANSLATION
Source img: 108 Target img: 1
1152.325007619886	1153.001643905793
0.0	0.0
0.0	0.0

1152.0	1152.0
0.0	0.0
0.0	0.0

TRANSLATION
Source img: 109 Target img: 1
1152.341873549108	1152.5613092675794
0.0	0.0
0.0	0.0

1152.0	1152.0
0.0	0.0
0.0	0.0

TRANSLATION
Source img: 110 Target img: 1
1152.2063534666397	1152.7118872450312
0.0	0.0
0.0	0.0

1152.0	1152.0
0.0	0.0
0.0	0.0

TRANSLATION
Source img: 111 Target img: 1
1152.2240780178147	1152.6434596334311
0.0	0.0
0.0	0.0

1152.0	1152.0
0.0	0.0
0.0	0.0

TRANSLATION
Source img: 112 Target img: 1
1152.2390756597129	1152.5733029569274
0.0	0.0
0.0	0.0

1152.0	1152.0
0.0	0.0
0.0	0.0

TRANSLATION
Source img: 113 Target img: 1
1152.1966884064395	1152.6989920790425
0.0	0.0
0.0	0.0

1152.0	1152.0
0.0	0.0
0.0	0.0

TRANSLATION
Source img: 114 Target img: 1
1152.2929912349448	1152.6450185856675
0.0	0.0
0.0	0.0

1152.0	1152.0
0.0	0.0
0.0	0.0

TRANSLATION
Source img: 115 Target img: 1
1152.25045947216	1152.6224202118399
0.0	0.0
0.0	0.0

1152.0	1152.0
0.0	0.0
0.0	0.0

TRANSLATION
Source img: 116 Target img: 1
1152.2661194562359	1152.6464143282763
0.0	0.0
0.0	0.0

1152.0	1152.0
0.0	0.0
0.0	0.0

TRANSLATION
Source img: 117 Target img: 1
1152.217633087271	1152.7325722461414
0.0	0.0
0.0	0.0

1152.0	1152.0
0.0	0.0
0.0	0.0

TRANSLATION
Source img: 118 Target img: 1
1152.1260852877012	1152.6239193595732
0.0	0.0
0.0	0.0

1152.0	1152.0
0.0	0.0
0.0	0.0

TRANSLATION
Source img: 119 Target img: 1
1152.297247194443	1152.5598312005625
0.0	0.0
0.0	0.0

1152.0	1152.0
0.0	0.0
0.0	0.0

TRANSLATION
Source img: 120 Target img: 1
1152.1510145881557	1152.5710473267745
0.0	0.0
0.0	0.0

1152.0	1152.0
0.0	0.0
0.0	0.0

TRANSLATION
Source img: 121 Target img: 1
1152.2403384756806	1152.5015334092573
0.0	0.0
0.0	0.0

1152.0	1152.0
0.0	0.0
0.0	0.0

